======== Query Results =========
Number of samples: 1000
Distribution of values for w
	[[-1.952172498551532], [-0.6572588324044117], [1.233071452098539], [-2.508536617859258], [-2.113788080635201]]	0.8633386016680475
	[[0.2212420420386163], [-0.379759397801378], [-0.19228883770816618], [-3.231863212325897], [-1.2989178229667915]]	0.12312804298725719
	[[-0.984534516090114], [-0.9917675870352559], [1.1783723250441476], [-3.911478645548061], [0.21752419358506597]]	0.009536791001549506
	[[-1.035524916197382], [-0.8573095665086933], [1.7900223716148393], [-1.2173383122259755], [-0.29204614472855606]]	0.003610408697156036
	[[-0.26031402423580374], [2.144165570661499], [0.1830421518114016], [-0.8762074187358626], [-0.2989651466123632]]	2.934698556517507E-4
	[[-1.6094501026883679], [1.2666949947959758], [1.3888340453041887], [0.4918698389174767], [-1.7559168546265744]]	7.21445694409111E-5
	[[-0.0011579711093832323], [0.19168901431678975], [-1.9990233299656688], [-1.4920821781569122], [-1.4834671895834275]]	1.9424659113989796E-5
	[[-0.4560605188291552], [-0.3649513569756663], [0.9982382308125465], [-2.319806084654375], [-0.07091484841160245]]	6.034590009570086E-7
	[[1.2904784593757286], [-0.7201668225671873], [0.0850195609536688], [-1.9518925446382775], [-1.656332315729871]]	2.3333718841529841E-7
	[[-1.8176814578369505], [2.2068588368682738], [2.0197255878101035], [-1.1129161478441834], [-1.7231298574943752]]	1.8080318791121766E-7
	[[0.353323330333535], [-0.47396760452109626], [-0.8559291977811949], [-1.9083578951627223], [-1.3122470302774343]]	9.34460156714722E-8
	[[0.6814737090503843], [0.828933278973569], [-2.7711625842047223], [-0.7791823146497658], [-1.3180023025673053]]	2.573640452354844E-9
	[[1.9296690471322933], [1.3626311909150004], [5.073685915291911], [0.9327130149183943], [-3.237624181858764]]	2.3093365484856175E-9
	[[0.5394894280396628], [1.6894391614708102], [-0.03548084289109582], [-0.21789226984998922], [0.14846235928935703]]	6.099610635461257E-10
	[[-1.4631179431704615], [0.24563387059744501], [2.6628706305805254], [-0.46933475472988634], [-0.7306826536492473]]	1.3227423245323896E-11
	[[-0.4191245741165263], [-2.236392848364998], [1.7592912716659455], [-1.7652299447813442], [-0.7847587977789535]]	6.4306427715339365E-12
	[[0.737954622779458], [1.4578441362737855], [0.7036531796868715], [0.1454154170711508], [-0.4980943037364445]]	2.566356806942566E-12
	[[-3.153696751038128], [-0.5499035184271467], [-0.063009692701822], [-0.42786243973870797], [0.22189749771389453]]	8.632951502664868E-13
	[[3.659923888439952], [1.6832247850087723], [0.7965951556156909], [-3.984161428074747], [0.037192330545364305]]	1.410952098817232E-13
	[[-3.29312403977803], [-1.068966614957816], [-0.5004009880830622], [-1.299950791909948], [0.19277989748771812]]	9.399740928478331E-14
	[[-0.6982354649219081], [1.8122150573454494], [3.909416590407023], [0.4758964311553826], [0.034608143291342514]]	9.208004514985321E-14
	[[2.112177948928606], [3.039713805460438], [2.287243571670108], [0.25698873635466696], [-2.552800643746103]]	4.409250667208928E-14
	[[-1.270701248217465], [-0.949365538792484], [2.070068910881301], [-1.589636277533971], [-1.506997337087073]]	3.658022691543747E-14
	[[1.011308708290152], [0.7342930632325988], [0.4278720073068274], [1.4290084934650014], [0.8091760507196442]]	3.4828772341878504E-14
	[[1.5069443205070931], [0.5859532561598183], [5.191800493310335], [-0.7273877068883273], [-0.2846978663069669]]	1.791212601193736E-14
	[[-2.4737032480551067], [-2.1279174726243086], [2.5376889676102032], [-0.7411963143400055], [1.4136353297851725]]	1.6030648870016715E-14
	[[-1.032191213302685], [2.8246992961389505], [-0.8108349908760913], [0.9764005055480692], [2.34942834419506]]	1.0030787446560427E-14
	[[1.1307842000333257], [1.4505159737611235], [-0.6709385380895322], [0.8188181351993334], [1.4253636862585024]]	2.790179498073977E-15
	[[2.084238268965317], [-1.0895837556177759], [0.373800060920497], [-0.3763533270394255], [0.2962818628998149]]	2.4806635405056477E-15
	[[0.8493105468657027], [5.038724981006887], [-1.3751924291534694], [1.8973948831525687], [-2.4572144028358274]]	2.1828838812453473E-15
	[[-1.5711324752452014], [-2.531545068109118], [-0.38989997778508034], [0.6905383131545656], [-0.19359214176436668]]	4.994712141528602E-16
	[[-2.870550051587533], [0.41807330357821476], [-1.216458356825767], [-0.8910838407009425], [-1.5348060892424678]]	4.825101218259025E-16
	[[1.1529367438742821], [-1.5405892167415427], [2.9241757014910696], [0.44798510361070165], [1.55187668630335]]	1.2496057822959308E-16
	[[-0.28168875244749936], [-2.2024371803606018], [-0.32874149587341506], [2.278525400763406], [-1.4835673395739326]]	5.005974260900167E-17
	[[-0.18716659230759103], [-1.3913184709358464], [0.3245047071415412], [0.786571145270364], [-2.651130397631822]]	1.0637023846608003E-17
	[[0.9714170779312921], [-1.5011883573866331], [2.37535349901893], [1.9910481545330991], [0.1729737566093762]]	2.9535074370121876E-18
	[[0.601038398319699], [-2.2262660243391053], [0.9320073630493793], [-0.4039889824650227], [1.5344932406363845]]	6.949045098888117E-19
	[[-0.9581728263434769], [2.3514432007033856], [0.36160912129883094], [0.7272446312882088], [-2.4611600764146866]]	6.833622260567641E-19
	[[0.11221285972804912], [0.8877186109042179], [3.4407011539316263], [-2.28492024378239], [2.064377274868439]]	2.8458123760799803E-19
	[[-0.30797572131753737], [0.4116220161263082], [0.891091271821248], [-0.5336956270360605], [1.7856317077748889]]	9.207164315767677E-20
	[[-1.8250520832751795], [-1.463245372406398], [0.7421728940073204], [2.3057841249437456], [-3.539042259100721]]	8.465150421849446E-20
	[[1.225053211605824], [-0.13492227789314848], [-0.709850141960534], [-0.693184178582636], [-3.553282190565554]]	1.4988730752916154E-20
	[[2.2163062548044956], [2.8076748015178508], [0.784233322827032], [1.0530699683468026], [-3.2618429033576617]]	1.1887615695980049E-20
	[[-2.1245896847431784], [-1.8222608178285378], [-5.049977985390519], [-7.1615191598085595], [-3.4639193013318073]]	1.0498220422797586E-20
	[[1.0849602138360748], [-1.6920936705527785], [-2.4052985710713717], [-1.0206546394346359], [1.1927254754345564]]	9.20989509896712E-21
	[[-2.1731366951416726], [-2.3821442919509552], [5.237352576757375], [2.8415648649200858], [-0.12232318707835632]]	8.79097791901298E-21
	[[0.993921980468295], [0.7587302878204687], [-1.0917716656467822], [-2.636271886626275], [1.0641700682113904]]	4.313416732998726E-21
	[[0.3886121494431281], [0.508540495927625], [1.514773266121534], [0.8108244398187024], [-0.6115793888686971]]	1.0698879409343244E-21
	[[1.1786746181253929], [-0.3692603749208055], [-0.6923537735300257], [3.314712807863339], [-0.5868352519116566]]	9.46206335054613E-22
	[[3.2307809571175374], [2.0665684691177075], [-1.3945063889124287], [0.32310136602428297], [-1.1544502473640232]]	5.233535028707799E-22
	[[0.6159553920468477], [-0.595997879958502], [0.7625732974512904], [0.5637263749595871], [2.521156940682711]]	1.8664423050106604E-23
	[[-2.152132660150813], [-2.5520764152575452], [-3.7989441097036245], [-0.35974548712360577], [-0.9043586222424542]]	1.367428484251135E-23
	[[0.748911485924765], [-1.3611892319291012], [0.29217499034467387], [1.257065870921881], [-1.331311746214316]]	2.4893627310444927E-24
	[[-1.086969072652749], [3.048491176658282], [2.9630989881453536], [3.944529301579175], [1.1347462547460996]]	2.612447828769651E-25
	[[2.2926349274917945], [-0.07266256616942257], [1.0224735076912483], [-1.1932302089226865], [2.184380783999776]]	6.162825684356242E-28
	[[0.655393650481422], [1.6853628869762738], [0.2935675540384487], [2.3924937064665572], [-0.5013977940971366]]	2.718633885172219E-28
	[[-1.9775842463229718], [2.063942972550377], [0.8100626685148942], [-2.222365990072943], [3.7663807388860446]]	1.5770158747540863E-28
	[[-1.4619304934297266], [-3.273585657352341], [-2.2709651418698567], [-0.7864662312099677], [-4.335524104869744]]	4.057189161841199E-29
	[[3.625861268956249], [-0.5043029380474605], [2.9464289720169408], [0.6117968554654426], [1.3674283617388008]]	1.3124180550695403E-29
	[[-1.5179954653766778], [-1.0462826261951264], [-1.28002631964645], [-0.6322616391552756], [4.355394962611345]]	1.0610555584442612E-29
	[[1.1709197506982059], [3.2177498596704748], [2.377684690537325], [1.2997080331793893], [1.9429896635109745]]	4.5948455851485156E-30
	[[-2.5902575415424005], [3.4105615084890237], [-3.3742441861042662], [0.26894519489736], [1.8558483752198067]]	2.7761747949612915E-30
	[[-0.23328591319090053], [-3.2002964095112674], [-0.317493989234211], [-0.842406471967476], [1.6313243077640747]]	3.481990887513637E-31
	[[2.320639083642629], [-2.0976684928762097], [-2.4510102857613965], [1.0748195569821075], [-1.428996410199523]]	1.7227114711517577E-31
	[[-2.5292063654582893], [-3.123781232295741], [-1.8489457276028207], [-0.9455659370999027], [-1.4061535832573364]]	9.227108181237992E-32
	[[-4.311066706791944], [1.225204891454287], [-0.8756490096813749], [2.5172299325936276], [-0.8960164449741989]]	1.4536528341333587E-32
	[[1.13192170760141], [-5.5385284545317575], [1.406733661514947], [-0.04823350012073435], [-1.790655441414906]]	5.606916812071585E-33
	[[-1.782162302780099], [-0.7604816473185537], [0.3087204995027599], [1.368838590174159], [5.596025373536965]]	6.23555528461309E-34
	[[0.8550678467759356], [-1.3717879831226574], [-1.3353339754834888], [0.8970005984266489], [-0.976227797796426]]	3.6823069477423074E-34
	[[1.4424586130930388], [4.951236991609937], [-2.105830480684225], [-0.00351802931285268], [-3.600649045751123]]	8.895157512489533E-35
	[[0.23847127661434106], [-2.6929051219228386], [-1.2693947493977444], [-0.9486954709445474], [-0.10757926089525766]]	7.375432958918583E-35
	[[0.25596236165776287], [0.8314636894208761], [2.627652547229247], [-4.919538739012064], [-0.7025576260407962]]	2.450041231007461E-35
	[[0.6632505389405731], [-1.2334392975116923], [0.007902787563390246], [-0.562735116641988], [0.06074091893779099]]	2.6197082012560153E-36
	[[-2.011979789545701], [-1.3076239258919697], [1.2180898900634698], [-0.21913178779854459], [0.7622315034419879]]	4.65687212827603E-37
	[[-7.2512906812501665], [6.5341868887098995], [7.17087057114682], [-0.29929637157265476], [-3.788274630261352]]	5.980844244827047E-39
	[[-3.771604462799252], [-0.020799374494985257], [4.30120258129612], [-1.420850014686461], [0.6009162746207359]]	5.351890478497052E-39
	[[-0.6214123241006186], [2.6512242974793305], [-4.155366145925802], [4.091906929224863], [1.8628915363830234]]	3.6407783077311263E-39
	[[2.617361935114458], [0.37075240804523435], [-5.936485836545263], [-0.5336890017020715], [0.6007864475798463]]	1.9718742986159725E-39
	[[0.509784686660394], [2.9619777053281657], [-2.3465383039731096], [-0.3423462872679518], [1.4302149816164276]]	3.3712185069365065E-42
	[[-0.0076182779784167085], [2.667082835756776], [-1.2514451483512288], [7.604340630177605], [2.560917260616332]]	1.0389844158271427E-42
	[[3.974104655747675], [-0.36594323937201645], [-0.10864374030687318], [-3.7412874245392773], [0.5877360758538084]]	4.2127271953197104E-44
	[[-0.3258079736457651], [3.5804277256484167], [-0.11032256157849663], [0.9000466977309681], [1.3724512448451225]]	2.331919478094082E-44
	[[2.391602727822094], [-2.215650873912562], [-8.878215997555854], [-8.103502534581077], [-5.135568959099816]]	2.8825206400610217E-45
	[[-2.103557958830819], [-2.3464287337267278], [1.2158204041272649], [2.010789240075212], [3.407930906722827]]	4.503229499557244E-48
	[[-2.1625388715785014], [-0.22836272334868696], [0.11632838932410383], [0.29496126089455493], [-1.795944598144093]]	3.6306311411480797E-48
	[[0.01621442570878895], [-2.770281369297885], [0.989928402836733], [-1.3933566683462195], [1.13934940152971]]	6.887927142699908E-49
	[[-0.045589760968325344], [-4.581632051291859], [-4.740499846177613], [4.814678128329487], [-0.7664823703045104]]	3.527641907419337E-49
	[[-0.8270130680249129], [-1.0868339241587375], [-1.0071431502927615], [-1.3957849679222623], [-0.12509880085503533]]	1.43882627742364E-49
	[[0.26640164218448215], [-7.228209038677637], [3.625651214702798], [0.25362746764359834], [2.3173104058067837]]	8.319275082979987E-50
	[[2.1029641737702103], [2.35888312117558], [3.256276135879368], [0.7619332831472706], [0.28102490101783884]]	4.0817548392462274E-50
	[[2.6115901474903778], [1.4678980012831815], [0.6549050780144725], [0.42826638669891914], [0.6300872270677413]]	4.680233529822886E-53
	[[-2.2239715941407936], [-1.6117897695610628], [1.280398561721571], [0.7493929909913375], [3.348227203395393]]	3.091315669734881E-53
	[[-2.986944900998279], [0.14601004631578046], [2.144599818677227], [-1.80113681150354], [2.651894774651999]]	2.965261661501365E-53
	[[0.4036068000438883], [-0.8399723659482012], [0.24629581070443338], [1.6679002093970428], [2.536952290673926]]	1.600112376299343E-53
	[[-6.629345253404314], [2.224106514426736], [1.553907607060392], [2.8889586701692296], [-0.9063066795922263]]	4.185730151363229E-54
	[[4.783093718889565], [0.26710705414323094], [-2.702428344068426], [0.6593238384498126], [5.510035390670057]]	2.1728179270960415E-55
	[[1.2372855305161512], [5.7705969034204605], [-3.6522051747677016], [6.046160833388395], [3.0073542483336544]]	6.374612335597647E-56
	[[2.0853508468396584], [-0.8636997143964447], [0.743756412072158], [-2.219237846472695], [2.9910535972970935]]	3.7319420437719418E-56
	[[-1.3476609870529184], [-3.6928557029635813], [0.4043029978826126], [-3.1414553969607932], [2.8746429785946384]]	2.0600224892800217E-57
	[[8.097553835593706], [8.156059848179936], [1.0903896745067898], [-5.535772920369102], [-0.7813275822904431]]	1.158153323609261E-57
	[[2.2398437552692743], [2.2997522531896375], [0.7241428595963924], [-3.370864612440259], [1.7746907909835676]]	1.5682300279187359E-58
	[[-0.6300697109976607], [-0.7883005198278314], [-3.664171515867049], [6.481063760307017], [-0.7270930648106634]]	3.131389442644773E-59
	[[-5.564208371413622], [-9.490477283696432], [3.9520550649487176], [-9.870058984322323], [-0.27760099065368593]]	1.688654084862039E-59
	[[-4.7862184447219605], [-0.9547701788171776], [2.7439309097179465], [-1.2943390767022045], [4.901523242111932]]	4.775391897239766E-60
	[[-3.8672918582580453], [-3.051305927649688], [1.998045297586283], [-0.07103323293311609], [0.7832034417873048]]	3.9445327215496654E-60
	[[1.1553771556883883], [-2.2370985548835507], [0.8811459641943027], [1.3652331819465937], [3.458743783591773]]	1.993295204894936E-61
	[[-0.38066979782631716], [-1.1929320041558058], [1.307171593024513], [3.1582334293334355], [-0.5991225173746496]]	1.1381439599278576E-61
	[[2.3546495023032037], [13.159320164236725], [7.163835490173167], [-5.278984198494981], [-2.1250720938262635]]	1.1130465137104338E-63
	[[-0.47369739133774524], [-0.4025270351960911], [0.8689829612528966], [-1.0200061793893556], [-1.4707194274595994]]	3.186907144027089E-64
	[[-1.1597277728622282], [-1.04607732093268], [1.3490861146138933], [2.6911321895806384], [0.8405800550255877]]	2.5477641521934147E-64
	[[5.333884244130437], [8.358527906513201], [-7.219580756504279], [-14.107076260409391], [-1.2011747124478687]]	2.414888251420773E-64
	[[8.27686674184248], [2.1099081046909136], [-5.530547051010293], [-2.728795813291959], [-4.127482142309479]]	1.746911526019126E-64
	[[2.7186731945119735], [5.861012041728371], [5.311724759101653], [-0.3507360414419882], [1.969551556127676]]	2.0455111919484385E-65
	[[-3.4660019408427627], [0.2960035764311114], [-1.009941926634152], [-2.634094453217305], [-0.09844530245360306]]	4.0114518056745335E-66
	[[4.2159950712930225], [-0.11635968394263363], [-0.8172158401001138], [2.0124641711047464], [-1.1798551609029635]]	1.678693130957995E-66
	[[-0.6803273880410043], [-0.7318074429735177], [-1.8851049297600855], [0.0334157877987713], [-1.2203929203646586]]	5.3844124328908014E-68
	[[2.360021660620529], [0.39045569259677926], [1.562957698253728], [1.7848920762146794], [-0.2487453317818452]]	1.6021603963020553E-68
	[[1.3412002119801638], [-0.1550449500770415], [0.3097315934326346], [-2.0360163657729964], [1.119431301931921]]	1.132881071748312E-68
	[[1.7003862296093748], [1.2527134083392486], [2.8428564819480533], [-3.6433764181737094], [-1.8415783409062936]]	5.385867709747262E-69
	[[-5.573441405331663], [0.802167590388546], [-7.679279734234832], [-5.9514694063196], [-2.4558554586182604]]	3.1385900424688094E-69
	[[2.8422279549130027], [-3.02596219153207], [-10.227345542288505], [-4.629143319760698], [-5.361029400629661]]	2.5614325758171373E-69
	[[1.4518739931137339], [0.9984827497239905], [0.7389955728314782], [-3.6867441677007586], [-3.3389914710328314]]	2.0646923025250008E-70
	[[3.1856510340785724], [1.4110278818840911], [-1.7746694317037774], [2.487443206115377], [1.7677087417540538]]	1.2349520447897368E-70
	[[0.8481430645834176], [-1.2866023417329646], [1.2700974739102802], [-0.3074298249489912], [-1.0168750987593738]]	9.017401191077068E-72
	[[-2.3141205529138444], [1.6319053618993118], [-1.1504152097487885], [0.9240313066470366], [0.7773401786512744]]	2.3620336922715456E-73
	[[-0.766555070926439], [0.9809405959406653], [-0.08694542696989527], [0.6753325051562487], [-1.1102286279317992]]	1.6934783464825453E-74
	[[-1.2716340448327021], [-0.41493082428305883], [-1.1765569467936516], [1.1507090958838877], [1.4212239670095406]]	6.282974497295665E-76
	[[4.503369976065796], [0.39626333065428354], [0.21826043543008655], [0.19304472066367562], [6.605064841238267]]	3.135479017567649E-76
	[[0.8977782283684889], [-0.6821935291214662], [1.567928091592285], [0.6016597436595706], [1.6081320007308337]]	5.265799494466935E-77
	[[-2.1300590492445295], [-1.802184834039228], [-1.3376097356551198], [1.0547186274578197], [1.778593946495265]]	2.980557375128999E-77
	[[0.7074416697073063], [2.949392064377368], [-0.6776326627819961], [4.990328307869825], [-0.39599073278239216]]	1.4648311120902062E-79
	[[-3.386639782389915], [1.5823321277532507], [2.1047566218032507], [-0.5136704502078842], [-0.3108107006510278]]	8.062859888240316E-81
	[[-0.7012627646100313], [-1.7380955967029352], [2.7549020306271887], [0.12944848573385906], [0.22214155449156836]]	1.0806750571120239E-82
	[[-0.6801677226653988], [-2.2281801085368467], [-4.3666028865914], [-0.4336164651965391], [-1.4510849110131843]]	6.5846945245870434E-83
	[[-1.7949787616686306], [-14.94845391763737], [-5.076071825553045], [-8.185753917777616], [-3.6666400591329578]]	1.1361177296541196E-84
	[[0.8773035929011619], [-1.3534373581312118], [-1.6327163454772307], [2.2975181909258735], [-2.264257088021823]]	9.907316176775676E-85
	[[-7.304584139988895], [-5.648537809468616], [3.4845743236729865], [5.211882228406703], [-4.3330169775276985]]	2.837484024410682E-87
	[[-2.289194087682554], [-5.516707443598245], [4.307288322270342], [1.7789241076584914], [-1.2567095964917412]]	1.3748666443047484E-87
	[[0.2185317683150312], [-1.766776155955564], [-0.17046943211009924], [0.04300167596149268], [1.111113863025619]]	1.0487482482684965E-88
	[[-0.474872291386806], [-0.041375295876440746], [0.8334982380165056], [1.3934618545181439], [-1.037180709402795]]	6.540744516034017E-89
	[[1.3820956407815834], [6.72455957289616], [5.1884720938379925], [-2.0486631455675415], [5.4829800332543766]]	1.3057793812221103E-92
	[[1.5007219607281699], [3.856539186682965], [3.429773349899644], [-4.590866401050064], [1.2229796246762428]]	7.664522127178224E-93
	[[0.7483891104569887], [-0.6794418533722444], [0.13249854321869003], [-1.3851744643588146], [0.16706833306932417]]	1.1104470479756154E-98
	[[-5.161423984504647], [-3.9813590350016446], [-5.714149720528468], [-3.6557314445918196], [-2.9822790202034617]]	9.793404866670976E-99
	[[-1.878694888685199], [-2.3080201345361098], [0.2806621088761154], [-2.713222016696531], [-2.903970778349674]]	1.4386397604130387E-100
	[[2.9108198434505823], [11.605053662152939], [-4.228890380218255], [-10.146271971513588], [-4.170382717081311]]	2.519470686867737E-104
	[[-0.9342492345890439], [-1.3425060188401932], [4.68378507747681], [0.9958398303913207], [1.158313879321455]]	2.2084965936255183E-107
	[[1.2980760381223744], [-1.5453272399035125], [-0.8988438369390754], [2.7066547602366757], [2.2779858087088036]]	7.002286190647495E-108
	[[-1.6820502805080546], [-2.376305882475502], [-1.8488857504126384], [1.9441863069592267], [0.5279661833934823]]	3.268714890533375E-108
	[[-3.2764235281556795], [-0.061060470036258196], [1.1958686175131357], [5.0005440762142115], [1.6987532931300695]]	4.484871103952411E-110
	[[-0.5473149305609871], [2.0186146699505607], [0.1286472782553475], [3.985684262745988], [1.3013535267567526]]	1.633360979104921E-110
	[[-3.420193315752861], [-0.6031159952224853], [-0.631911405923617], [2.8117863993323664], [2.1026568015383558]]	4.95319625479468E-111
	[[2.0311937485646703], [-2.0436877261889945], [3.6247242259661534], [-0.7698743973469164], [0.549067770102243]]	8.049970095147999E-113
	[[-2.1726763164023994], [-2.107445107040604], [1.8063565058540214], [0.355914312485532], [-0.1506259601270542]]	7.017822098156765E-114
	[[0.6512035414934658], [-2.143291052733702], [-0.03387025194039994], [-1.2925675967909223], [0.43369840108127955]]	3.5948304944095916E-114
	[[0.1270139113418839], [0.03920740057655725], [0.6220114096995121], [-1.55686941937345], [1.3447036671013621]]	1.2879332432921868E-114
	[[0.6359136040369235], [1.146175543959402], [0.26296075327035245], [-0.9672977033795526], [-1.360435953053523]]	9.129624439161607E-115
	[[11.25853631483366], [-0.07202000956207733], [7.226965483432204], [-10.887407097490472], [-7.925031686184091]]	4.5819963082359784E-116
	[[12.756551316277864], [4.2507499359421095], [-8.248652519079686], [-8.08001925517233], [1.1295163790861935]]	1.3164304169322243E-116
	[[-1.0369885503017087], [2.346532285585128], [2.466418075671736], [2.561515928596039], [-0.1621647810021467]]	1.7456681014397815E-123
	[[-0.4634975220161297], [0.10934886854538495], [-1.0427771511374362], [-1.751412385951574], [0.035427441148043415]]	2.345640448631836E-124
	[[-1.346059442875378], [-2.5661235316921474], [-1.9836617539134178], [0.5781358697352078], [0.02034234367287624]]	5.194677077821742E-125
	[[-1.7657416811662787], [-0.12240912737647447], [-1.8967413968378044], [1.363725408833248], [1.6561332156384871]]	3.3265880362933956E-125
	[[-5.256969563188621], [0.03304488616998613], [-2.586731130608606], [-1.9973044403570381], [-0.8919457026595318]]	1.5837532104215353E-126
	[[0.14175039380869858], [0.03876971904360338], [-4.327945684493133], [2.508348009584904], [6.089907958664017]]	5.948383179156966E-128
	[[-3.444028950984216], [2.7694314334329593], [-4.608269722783533], [0.9926891456722614], [1.382078136761057]]	1.0053531928442818E-129
	[[-0.4625281380834527], [-1.710393782203275], [-1.9718741515266265], [0.29217538977890634], [-4.06982718403889]]	2.33847274987305E-130
	[[11.969168712484226], [17.608166088901754], [-0.5338812966610216], [-8.607784431241745], [-9.749750757281038]]	4.193643991847033E-131
	[[1.0222661396080182], [-1.6804415795133114], [-0.8155331504941563], [-3.553990787990724], [0.739459156227084]]	1.341255281358186E-133
	[[-2.722443066973284], [-4.38052904333758], [-0.009251732840689142], [0.9836343791427071], [0.6132915913436828]]	3.4458253379312613E-135
	[[1.1145485992452524], [1.7707064345862293], [0.8174446618015642], [2.012078591054852], [-2.7827841477596547]]	1.0613833354358579E-135
	[[-3.5961920713018225], [-0.05941514804257875], [2.379359973606867], [-1.4009146925194609], [-0.5177075020201728]]	1.880990642216885E-142
	[[-1.213650140145437], [1.5724623202358732], [-0.3105623969139541], [-0.5770333399942646], [1.384526873156931]]	1.698310521782701E-142
	[[-1.4036381680568735], [0.8914942240319897], [0.5819154084942509], [1.3403247412405217], [1.5980364677213554]]	1.0860547297128347E-144
	[[2.007549159382668], [1.8424607794062937], [-0.4730904088447324], [-2.3196752418742843], [-1.9063186394254739]]	1.3119287204384478E-147
	[[-1.6131218917433483], [0.908112599292056], [2.9938900987572667], [-2.9906243155948524], [-4.6877139392475335]]	3.471031410347463E-150
	[[0.930589231080061], [1.6576892433849753], [1.8463906617278942], [1.2847250119122524], [0.785846460416955]]	6.13838938397884E-152
	[[1.2627983691722984], [0.6639912499218561], [-1.0206257618649852], [3.2977892245405833], [-0.558854758480537]]	1.0017743896631081E-154
	[[-1.6375437137058977], [-4.333467889413082], [0.06826599620646556], [0.5090969185296591], [-0.5432439779054976]]	2.996932773709711E-156
	[[-4.4188238568895954], [-1.9900877892096995], [-1.6324375566495812], [-0.6686861460712196], [-1.441670264658216]]	8.806335632492613E-157
	[[-0.3121103490484439], [1.9400229537561888], [-1.358020116773151], [0.483145180082397], [2.939892729301602]]	7.897887310206816E-157
	[[-0.03552071469201723], [0.2652197470132922], [-0.29350940513351187], [-4.984351914333545], [-1.8976732242238241]]	4.9714707705404115E-157
	[[0.1670913921610217], [-3.6879071668381043], [2.4144765085211635], [0.6480857701481106], [-0.06294626049164392]]	2.3413670941582668E-161
	[[-2.2599505269315823], [-0.8228900284750493], [1.9161698234167988], [-3.052465634961699], [3.6084552107762624]]	1.7704376919821384E-161
	[[2.5165818911144338], [0.44317183010668554], [2.0787644517909936], [0.45364547288115276], [-3.1951070620621054]]	5.215462115417238E-162
	[[0.5075532424422552], [-1.2797310051529454], [-0.03611086708116107], [-0.25818413326191825], [1.007509721957501]]	3.464635099384215E-163
	[[12.507001224664105], [13.604415119076464], [-14.233860269811782], [-22.56201992721261], [4.803130756536123]]	3.119164104123044E-163
	[[1.6369404855577705], [-3.2746146754198384], [-2.124190429145575], [-4.32082493424098], [-0.5462498577121746]]	1.3429711476440808E-164
	[[-0.9952488917867992], [0.7779040069484011], [-1.047937545386949], [0.4639415047368657], [2.7268105846430277]]	4.020007224107217E-167
	[[2.019117818380049], [4.215245105227646], [-0.464635942767917], [8.372059261018508], [15.019496306537944]]	1.6143576620972033E-167
	[[-3.4923427968810943], [1.2510403817884137], [1.630458477341012], [0.47616072124382586], [-0.18151918277761134]]	1.7309855365530117E-170
	[[-1.8118150044268002], [1.1153155510519663], [-1.045505102697119], [-0.5587003834567715], [0.922381375805424]]	1.3057284280579889E-170
	[[-0.33962285391965685], [-2.6809430426098766], [2.991513662683629], [-3.3486578431140956], [-0.24082930120045573]]	6.1726015842048965E-171
	[[-0.561508103926014], [1.006840755889224], [-1.4766455417205933], [1.459438289429167], [0.9316092590702103]]	1.0359750862686279E-173
	[[-3.0240193141505443], [-3.6769670882381975], [-1.6163663739295824], [2.5020908948412477], [-1.4512167798944717]]	4.507100184794693E-174
	[[-3.302741312913798], [3.5672581807525594], [0.3105919495130954], [-3.60102112565649], [0.26560603120801163]]	7.328283896958911E-175
	[[0.07966218102685951], [-1.5627671014868614], [1.899534559608277], [-0.40677722374353187], [3.1234418608100274]]	5.226304999742497E-175
	[[-1.0142767704504165], [-2.8438540184234773], [4.183488870318186], [2.273778863057857], [0.45851224507018773]]	4.5811156366872476E-175
	[[-5.508893520122605], [2.0863850816289244], [-3.060368437156081], [0.8360106770316873], [0.9433278942897914]]	1.8005757955629305E-176
	[[-1.8052789884907552], [-3.2500454292394374], [-1.1550762664300918], [-3.583039408817899], [0.7708981978782526]]	1.460923728864015E-179
	[[1.0102955736047479], [-0.9116462052029949], [1.5877944248003], [-2.056911022039351], [-1.7638226079517403]]	2.3113674714231892E-180
	[[-12.008250402212097], [10.34276352925156], [-17.429510678646736], [-4.146372562696639], [15.2749989723977]]	1.2698645747554942E-182
	[[-0.45216624957861795], [-3.6077912201184033], [-0.5388262392001412], [-0.5248694963785107], [1.6830419430857544]]	3.043465957902472E-184
	[[-0.7818820867296119], [1.3487947043428201], [1.7162152942151412], [-0.9166065845771174], [0.6276126007798489]]	3.398722164940792E-185
	[[0.007909170879960348], [1.7571322245326029], [2.1169020429511303], [-0.721523812455451], [0.6670362886647467]]	8.297138053504174E-189
	[[0.12442749384692768], [14.575430953677195], [6.754572667835523], [-11.336897056387274], [-2.888781582555933]]	1.4753577756998315E-190
	[[2.599145891279245], [0.891087321934715], [-0.04448650082625105], [0.1938792035932897], [0.43586384107561527]]	8.321937977603369E-193
	[[-5.359878996376205], [2.6535063714680533], [41.65522036751159], [-2.2619483862407543], [1.9878340982535219]]	1.3138598440323768E-194
	[[1.1056562002571022], [0.8180516272490896], [-1.4308077315273031], [0.7049036119033092], [-0.3389674677374157]]	5.32433788941354E-196
	[[-1.2760227489615632], [0.8403882593869323], [-2.925783845850572], [-3.520550187719695], [-0.8905176567117952]]	1.3713169903114861E-196
	[[-3.85463083549301], [2.32788423344397], [-1.344764812502644], [-0.3723971156319311], [-2.754822123340204]]	2.0034676827018495E-198
	[[-4.985284615618647], [4.029717700292289], [-7.153549617987642], [16.832857610971647], [-9.147996657824272]]	5.888380243904702E-200
	[[6.929377535102993], [3.4229219889517695], [-0.988214314095653], [-1.9174726939867839], [-0.052386847461422636]]	2.2904798605599116E-204
	[[1.6066684398895255], [0.6545868395610059], [2.065210627292589], [1.4805117738617137], [0.3945961729002647]]	5.575980307832824E-206
	[[2.330455005573236], [-1.1561990600935257], [-1.0274365701351282], [1.1653658405599951], [-0.09184245543543934]]	5.56659804822735E-206
	[[6.247323115219083], [-0.532751612012156], [-0.8792268623525523], [-0.2740338944817766], [0.18450351810889096]]	2.836503166112245E-211
	[[-1.4593797493381397], [-2.9494837831430147], [-3.421336867381074], [6.49623579540969], [0.7150466228336883]]	2.529796538219057E-211
	[[1.651123958129833], [-1.2081514550581725], [-0.6182988932271906], [0.22082323748220534], [2.0453801887852827]]	2.1903987331494408E-212
	[[0.4966261140462725], [-3.0117191980063818], [-0.20634719282174263], [-1.7335413535785988], [1.566431908128366]]	1.5943865965217844E-212
	[[-0.47405440962550704], [-7.641374050833444], [-1.177971713882414], [-8.573559684278184], [5.03272202485923]]	2.373010857767621E-215
	[[-0.12812830862597227], [0.9675771068530109], [1.1544083896983102], [-2.1107177995475297], [-1.527239928562385]]	3.1864239177476174E-216
	[[3.446007279760056], [-0.03264399299027898], [-2.333045398984581], [-0.19570540167294956], [-2.7359703324397517]]	2.0633791178655744E-217
	[[-1.5366851139235354], [-2.2443485972734365], [-0.08622161800453895], [0.8687113310362029], [-1.0299958918347474]]	1.6657332987114258E-217
	[[-5.074072182290502], [-0.07968111694064106], [0.8269370119583499], [5.503977357269598], [7.654456877944426]]	1.1954296953983674E-217
	[[1.3735387144288116], [-1.544767204773407], [-0.20761409546184598], [-1.2725632445660742], [1.9046662273416457]]	6.137752609990516E-220
	[[-4.9177716949398445], [-2.5355750409374354], [1.3426976113956348], [-6.144865210404104], [6.957189974717063]]	1.452708757008915E-222
	[[-1.0593448666147443], [-0.24254750258969915], [4.1285384740290585], [-0.6691443033559553], [-1.8615189552777622]]	5.453775046882737E-224
	[[6.440760339438058], [-3.367836707516797], [-2.6756475216194096], [4.252818839043436], [2.2300638802265196]]	1.2597160816806399E-225
	[[2.5472492059456413], [1.5475993138073671], [-0.948329552378447], [-0.4965128566561452], [1.140815914417278]]	1.8662810564605696E-230
	[[-1.1159409764588706], [-0.7586035705658779], [0.3159283890926861], [-0.28221005182153164], [1.7127273843078965]]	6.920967393238506E-231
	[[-0.6645542802514344], [1.7072521266491603], [-0.8149832133971232], [0.7422079827195228], [0.35850116199610327]]	6.360698727988492E-231
	[[-3.7587135009346575], [-1.4198513042621712], [-2.8958513019492855], [0.034254200462078166], [-0.4071602457853237]]	2.934895560112327E-231
	[[-0.39705192790742927], [-1.4840628182896656], [1.8938989653087988], [-0.14571520162754148], [-1.5094690948491658]]	4.394998055707006E-233
	[[-1.801883605815327], [0.5699706993610815], [-1.1136540643428323], [7.354377061113334], [1.8907576630711582]]	2.5718095747465006E-235
	[[1.6554398574386204], [-1.395005490924115], [0.5798841939738728], [-1.8449216368576398], [0.4521656675445283]]	2.4152880505730757E-237
	[[-1.788662347839312], [1.1612781025716647], [1.4035762239189482], [-1.866976779649153], [-1.2998761525257332]]	1.149602110185773E-242
	[[1.6977412651847266], [0.18848108528590113], [4.491267659503036], [1.9877261113463955], [2.75361890380302]]	4.619240621635826E-247
	[[0.8611533493537493], [0.19760392376737007], [3.738689172671515], [0.4062844664950571], [-2.1486497881092914]]	2.2075606791157457E-249
	[[2.102111453507725], [-0.5992013259096338], [-1.6999481850490246], [2.8256929798197916], [-1.2514629888312523]]	8.581259856949017E-252
	[[1.2091222840451965], [-2.55399183500616], [-1.4116704511443035], [-1.3362878282100903], [-0.5748686031451637]]	2.0333589149266756E-253
	[[2.2704747537844034], [-1.5406540748179574], [2.6241515615975577], [-1.6221551867561197], [-1.2781255419276394]]	2.501840818931751E-261
	[[-8.45111447338856], [-1.0446842369772391], [0.0622233258757523], [-6.685595237200429], [33.248883922966726]]	6.873383941131173E-262
	[[-0.5250241920381528], [-0.008991064906362922], [-3.5162050767146056], [-3.6087541053164656], [0.3309776467556209]]	4.7601550039734423E-265
	[[-0.41958023138425615], [-0.29316987406998773], [-2.6253130898396586], [-3.6207040979332565], [0.980676390441745]]	1.0212080500218006E-267
	[[-1.2248514885176633], [-0.137730272920087], [1.6101788595276616], [-0.10572981083100152], [1.2567799715335157]]	5.980022663217324E-268
	[[0.9985034597152758], [-2.0324029927308414], [-0.07073437175893216], [0.5220302105979331], [1.5560570256635489]]	1.5556744715741528E-275
	[[2.807292307314338], [1.2603479929960897], [-1.5232537471266516], [1.6170429937744848], [-1.1234904677746171]]	1.1568421117613267E-275
	[[0.7464214536729021], [0.9286276587646616], [0.1631361718280402], [1.8920631669892325], [0.6218479595837685]]	6.947134686828603E-281
	[[0.6897864717670296], [0.7850904399610045], [-2.1472484528429856], [-0.6616004412590332], [-0.46543486949766333]]	3.854721824646212E-281
	[[0.7982509026808094], [2.1337261286144855], [-3.219198289946628], [3.095565226718764], [-1.6042840359587622]]	5.557760821964985E-282
	[[-3.1847289567516173], [-3.915085885202514], [1.164931062395735], [-1.8594569466017234], [0.24455666919232932]]	3.4297453415707687E-290
	[[2.526101162731064], [0.8797674999234315], [-0.9343582991043884], [3.3172389857743445], [0.9201084531009573]]	1.7141907430253813E-290
	[[-2.2072603401297743], [2.5985550492342773], [1.1998551675944125], [0.7064783825646339], [-3.0145246637005343]]	9.480740053548048E-293
	[[-0.5680142925433601], [1.3121762289037415], [-1.7054561603471703], [-0.2380933009089134], [1.5898284204312332]]	4.355328950938371E-298
	[[1.0496891204011902], [2.9400941910969323], [-0.1826219237856509], [1.4208221819763849], [0.7057124077718113]]	3.8579870530579247E-299
	[[-1.5015352991233657], [-1.5174148592177483], [-0.6346989041953521], [-3.0921725578059727], [0.33596677292083377]]	5.571210788385832E-302
	[[0.8263445252220625], [0.9689562174393548], [-2.101620051311668], [-2.0817182539013586], [3.4171566582261823]]	3.143293212860374E-302
	[[-4.244641918226156], [1.4083264373766884], [-0.35839354836800663], [4.345802550886805], [-3.7782144401174724]]	2.350509103142518E-302
	[[0.5826169687165828], [-2.293669904872329], [0.7725533420649052], [0.3267140761756192], [-1.165694765611687]]	6.82443645947343E-309
	[[1.6769642724767733], [2.693416247788341], [-1.4472083617047606], [-2.7416209034201513], [-0.35206711256493295]]	7.548043880328E-311
	[[1.0330419752452626], [-1.0766498710937613], [0.2268951993675733], [0.6572276522818357], [0.7146173947437722]]	4.1112514907533E-311
	[[-2.559837433640967], [-1.8637268559707965], [3.7135956751159833], [0.22645491310987054], [4.8890097269550745]]	1.931186637184E-311
	[[-1.1355440936145402], [0.32802632258125364], [-1.2791173538984661], [-0.5753838093432115], [-6.422067684857003]]	2.425577734E-315
	[[-0.8627014118465468], [0.8207115556456304], [0.33952627367218025], [-1.301938055205642], [2.178029505736814]]	1.0834682E-316
	[[2.1481255474063077], [0.5446747004579322], [1.5583565005159503], [-2.0030270207297765], [0.6397419711561122]]	6.369756E-318
	[[-1.0569217257829213], [0.10406890354576953], [3.423725484307834], [-1.4844483477506067], [2.0797519729874487]]	0.0
	[[-1.0698490025168192], [-0.7241170886324882], [9.968758458184086], [2.564575603580648], [-4.685418776498148]]	0.0
	[[-2.1024355607780554], [-0.9575443070030127], [0.5624184494682128], [3.0656094995448866], [-2.2239603174591274]]	0.0
	[[9.396246916510464], [8.395040829721742], [2.8408028361118136], [-0.6903046960113715], [8.509083960019872]]	0.0
	[[-6.367318407124515], [1.7874508482340385], [0.3639124181741944], [2.7305207828207134], [1.1949882340246964]]	0.0
	[[0.327293226935556], [-1.0310036138647656], [1.470249996276159], [-1.615614764963668], [0.31029300173710783]]	0.0
	[[1.3312488038371906], [-0.2500989999773914], [0.5049065116720075], [0.05467930969591772], [-2.3052574353867903]]	0.0
	[[-1.2476491493539306], [5.8529788898229995], [4.471963800032222], [-0.5670741355789495], [-9.186353997128505]]	0.0
	[[-1.7438148884242435], [-1.7203008069582082], [2.5789204801812198], [0.21106047851032606], [0.317865559058232]]	0.0
	[[3.097292959439746], [-2.8273246031650787], [-0.036201261632494264], [0.6985149440964292], [2.6666002394763266]]	0.0
	[[0.4054046127072084], [-3.5379920402576657], [0.8366109217131198], [-3.5072708231269543], [4.476899815413464]]	0.0
	[[2.073780251777254], [-0.14852270383501537], [0.18641258047707362], [-1.1181459288408555], [0.20060838404957682]]	0.0
	[[-2.4070237186455783], [-0.2699736937695466], [4.35661782939898], [-2.891894036337906], [-3.4962237067944746]]	0.0
	[[-0.07185542584686377], [1.2501119814527222], [-4.898838658140061], [3.0361517136538176], [-2.875825630516513]]	0.0
	[[0.9623415905697023], [-2.7062601194165112], [-5.240439753556009], [-0.7865619274569396], [2.9440144641083825]]	0.0
	[[4.923276355784174], [-0.2755426725741079], [-1.36715976204983], [5.0988226315928955], [1.5619700989575267]]	0.0
	[[1.496081159834381], [-1.691670052952505], [-0.8803403825260645], [0.06619879391073669], [1.7160652824540985]]	0.0
	[[3.004108674365646], [1.0844762275567068], [-1.6966834049288675], [1.8594752016001572], [0.290740769809951]]	0.0
	[[0.11476896397182054], [-0.9559624805420119], [2.3956055961354714], [-0.19678998095031336], [0.6171833769207214]]	0.0
	[[0.7514214935315825], [-1.0669016462898477], [1.9928586457862942], [0.18006149652885584], [2.8896358336938093]]	0.0
	[[-3.1604651697809234], [0.5216289016393032], [-0.05848459494261837], [1.0992654732414793], [-1.0069955428195863]]	0.0
	[[0.8183205485771481], [-1.490353450847803], [0.8276261433288856], [1.5729183725018214], [2.437027515439872]]	0.0
	[[0.9362637231768883], [-0.3443956514147416], [0.5280768134781815], [-1.2355239701158611], [1.7514957982247306]]	0.0
	[[-0.1721668276428726], [-0.5868981834024096], [1.5724085563590615], [-1.0706168052241414], [-0.2936421635332107]]	0.0
	[[-1.23205895001059], [3.633470715129268], [-2.603039216914327], [-3.7415076000739242], [2.627987841087185]]	0.0
	[[-0.38303154993129174], [-0.3865221847564964], [8.737932045810304E-6], [-1.0143711944059166], [-2.3558803904069117]]	0.0
	[[-0.42253691664312454], [-3.707331145227922], [0.13476803222852485], [2.00600457100373], [-2.82962262789185]]	0.0
	[[-3.098730610112924], [8.90447116362403], [10.286798942184692], [4.330325929720644], [-9.430197423195867]]	0.0
	[[-0.3946532743989852], [7.404571831738857], [-6.459151398149354], [2.298392322325454], [-6.2859507826649]]	0.0
	[[-1.3967429164129082], [2.01776020688785], [1.981169879963618], [-0.7924259004244283], [-4.207308960641183]]	0.0
	[[-0.2187788543240312], [-1.2748382167753667], [2.666922673996746], [-2.134886615029612], [-3.7326207785663823]]	0.0
	[[-1.786417734956896], [0.02544320640473091], [-0.7071704327282133], [-2.271281030934571], [-0.38008603165199867]]	0.0
	[[-5.940157757347803], [2.6713818850297137], [4.26396194784674], [2.5126649327384656], [1.9184374385538618]]	0.0
	[[-0.3948972020097556], [3.476878826065945], [0.37898532991491213], [0.848025385936882], [-1.8743196196106795]]	0.0
	[[0.8519984638708733], [7.5005581815872375], [0.6579147255234028], [4.696204946948383], [1.792449029007507]]	0.0
	[[-1.341029690725854], [2.1648730038054733], [0.6804984786496919], [-1.3163649249914724], [0.08534154838765304]]	0.0
	[[11.606026107024627], [-6.499850005225167], [5.347054168512905], [6.581094377177121], [2.109791331810835]]	0.0
	[[-1.1502208018840692], [-1.4836905359041805], [2.8474414275913498], [0.9277294878679341], [1.581862596348897]]	0.0
	[[-0.29223830080701946], [0.056014883776874136], [-1.0065942034031061], [0.511314138437295], [1.2561850165218964]]	0.0
	[[-3.78444141172274], [-3.378597472504287], [-0.22909410500865768], [-4.792239943795322], [2.965112308981525]]	0.0
	[[0.965537401530541], [-0.22257615492429514], [-1.8071123553980424], [0.7287461600234082], [-1.120324707820159]]	0.0
	[[23.406875563668862], [-5.793678051576865], [-27.212201718248743], [-24.82895227815158], [3.129355733948806]]	0.0
	[[-0.9680042783053213], [-2.6317966907637382], [0.32377296674555955], [0.36232558856512886], [-1.9815525131590899]]	0.0
	[[2.4455328714510984], [4.61524805824337], [-0.08356965535235983], [-2.692803995498176], [-0.6377761913565514]]	0.0
	[[-0.3494863043829368], [-2.2128578422696394], [0.6585977201668123], [-0.007059354843726995], [0.8326303780243066]]	0.0
	[[-4.798029999447801], [-0.6731442172947237], [-1.0064403903321504], [-3.3963315955986735], [5.270227398299605]]	0.0
	[[-7.67026409441271], [6.04989823468578], [13.119193416558558], [-12.767397516947788], [-6.767345932255105]]	0.0
	[[6.544699307150717], [-3.576357278147557], [-2.534880826482733], [-1.968624370940972], [6.394297059217069]]	0.0
	[[2.888739365858023], [3.4475082571762155], [-4.988269620810469], [-15.043868907666491], [-4.903310395137725]]	0.0
	[[3.228474736132488], [-5.195088398503691], [4.536006043687377], [10.60697165288781], [3.662272167631284]]	0.0
	[[0.9390145289890092], [2.284967669753473], [-1.3276053821825018], [0.2528780750306119], [2.0436042684224307]]	0.0
	[[-5.323756199400943], [-0.09963099835917291], [2.8584926465539575], [6.18440134117827], [1.157301753692648]]	0.0
	[[-2.1924506436673674], [0.8185788528762208], [-4.596362326977352], [-7.718894638493021], [-2.6848753423000224]]	0.0
	[[4.458963952428202], [-7.721337856632574], [23.52612956748996], [-4.739070467103659], [-0.5616062650601944]]	0.0
	[[0.6724820662310571], [-2.8897377605995067], [1.8279267814455304], [-0.015637973917911108], [-0.3406578589928797]]	0.0
	[[1.8865150624614908], [-0.7856151635276982], [1.7312223081110507], [-0.7877630945469629], [0.5086817260892347]]	0.0
	[[-1.884968062095237], [0.8150069322054523], [0.9025719584241265], [-0.2885192756832037], [-2.4758588052824084]]	0.0
	[[1.3392084971957177], [-0.6689281477782496], [0.6687760192074879], [-1.5987342486869254], [-1.0696575693807602]]	0.0
	[[-1.9753790653258156], [-0.6901942582085756], [-2.046924498964821], [2.890333179490814], [2.0921940742714877]]	0.0
	[[-0.9642474197404126], [-4.01420148199431], [5.417057850628636], [-1.3948785163242938], [-2.9126374915280584]]	0.0
	[[2.9825167888626463], [-1.4846940134905626], [-0.8609436721071468], [-0.59817968336083], [0.22072874107030582]]	0.0
	[[1.4687610982263877], [1.18774950656325], [2.5644121226410874], [-1.7815025888689922], [1.507402932875051]]	0.0
	[[-0.3977662411168126], [-0.9166472622787518], [-1.512097817190676], [1.3397438624785514], [-0.7736627921852244]]	0.0
	[[0.943066913840823], [2.2056811152311955], [-1.6248419634287536], [2.3817052236191754], [0.6007671394319541]]	0.0
	[[0.19612732221037646], [0.5647186428300944], [1.1487388498848785], [-0.4500814885558222], [-0.4799744194367647]]	0.0
	[[2.8576147553215687], [1.9568804415298684], [0.03337866559552771], [0.40505300291704216], [-0.9857132829524933]]	0.0
	[[0.5116705778485175], [1.173142568115588], [2.0460168426484238], [-0.7934482685127466], [-1.687878970531328]]	0.0
	[[2.437086472045128], [4.770843857585846], [12.9371837853836], [17.181842347492697], [-13.301806232525218]]	0.0
	[[6.3113383300597565], [7.432818458193566], [2.713141447610626], [2.058739094629323], [7.339385493045498]]	0.0
	[[-1.6210207839045878], [-0.3254363148511663], [-0.23825892389220427], [2.235473317151948], [-0.7290937999177882]]	0.0
	[[0.527265965667546], [-0.12676009051779769], [-1.802754538165861], [1.3281313052663328], [-0.7713398111871199]]	0.0
	[[-0.08865577976933214], [1.1759397079248133], [-0.5447866424881711], [0.49860995135126784], [-1.6339185393612232]]	0.0
	[[-2.0519385246070976], [1.6299082499221018], [0.4052115872783765], [-0.13514036869260765], [-1.1103718624789911]]	0.0
	[[-0.598577191556921], [-1.511821247827309], [-0.2976877751805028], [0.37856684194532086], [-0.700804528106048]]	0.0
	[[3.0593135604772015], [-1.4025272268105924], [0.7514163559307968], [0.8876315192627175], [-0.2006097852762167]]	0.0
	[[-1.0146414861260502], [1.374654721942315], [0.9012929581088989], [-2.6817577943626034], [-3.01880890058742]]	0.0
	[[-7.480552810223323], [10.267032630992077], [7.395511548984036], [4.18787110915757], [-0.1491446678772662]]	0.0
	[[4.144235481458224], [-2.35164319676066], [17.641540451800015], [0.40415416051667996], [4.879569853091858]]	0.0
	[[-1.3780483572171498], [-0.5613735254030943], [1.4670915149705872], [-1.8174546200813775], [-1.2071023425627754]]	0.0
	[[-0.5167232421098928], [-0.23178022860671432], [3.8221999860957805], [2.0167256466269654], [-2.3259443989879753]]	0.0
	[[1.2189599614065671], [3.147852649254129], [0.8351030921040441], [2.6916573418406067], [-4.175898039453389]]	0.0
	[[0.7809208130755411], [0.6723959447772497], [1.4376276782824695], [-1.465290141859878], [-0.3659285440386373]]	0.0
	[[2.338740869394263], [-1.3011692994621966], [1.808582069334732], [0.04995212073640995], [-0.8641524687320805]]	0.0
	[[5.10024169158492], [-0.18949412484672745], [2.733135306436807], [-4.6137992589944075], [-2.350852920016307]]	0.0
	[[-0.5193077446610497], [-1.064285034996435], [2.6128933545536586], [0.7055516183219952], [0.7718398205688801]]	0.0
	[[0.6183501712574654], [3.421499632449526], [2.1587261359989034], [-1.238773534068322], [0.9472669926852513]]	0.0
	[[-0.3298508541587737], [1.2962866173313876], [1.6742077095511365], [-1.6346521262898717], [1.725553009655453]]	0.0
	[[14.17968384459763], [1.7370413995892309], [13.10103925749949], [19.940438465570075], [-13.524821975121347]]	0.0
	[[-0.7230597013865622], [2.687125449231205], [2.4900474334697495], [0.37732785100575594], [-0.5085995764217117]]	0.0
	[[-2.6690975762807585], [-0.955592909631107], [2.9033920676842357], [2.560471322635052], [1.5950201672953581]]	0.0
	[[-0.81329449009988], [0.18223932648656338], [0.45722599305248934], [1.6651381381544892], [-0.06289978055536949]]	0.0
	[[-65.66971305409467], [81.63416255588977], [-2.5425398465294347], [-44.22130078946797], [25.07413126497361]]	0.0
	[[3.4159791010694835], [3.0053933011269214], [-0.6903539776413803], [4.271438583374644], [-1.4637431254690252]]	0.0
	[[1.44189465979566], [1.402529022478272], [-0.12216013834753825], [0.20724361637141342], [-0.8849300683684488]]	0.0
	[[-0.9071014058738798], [-0.586714454452349], [2.483760348012016], [-0.2358918527763011], [-0.9885633675075309]]	0.0
	[[0.7578208545413743], [-0.9339312197840646], [2.3571163699927222], [0.5480105481118343], [-0.644593309385378]]	0.0
	[[0.8461178442959149], [-1.1872904476465247], [-1.3914509575930127], [0.727356304234629], [-0.36926533261616745]]	0.0
	[[1.479178166748447], [0.6659452010506031], [0.01701584307246265], [-0.9702875607808794], [-1.6467895396357934]]	0.0
	[[0.11294658866521058], [-1.7483974245102747], [-3.2894421250312114], [1.565079114599056], [5.038652078520562]]	0.0
	[[-3.215691277488949], [1.1144528933470155], [-1.2723406044867644], [-0.3081931986924993], [-1.982701630070622]]	0.0
	[[-4.3504458378607636], [16.234290761337366], [-13.498905873888194], [0.8634905922198111], [-1.309845151041675]]	0.0
	[[1.0035483937051404], [1.7896255568709964], [-1.9691379341382946], [-0.1960123635875659], [2.6056095207404866]]	0.0
	[[-1.129173899176374], [0.41975501092389633], [0.12841303005431304], [1.9133920040376011], [-3.4792837794679503]]	0.0
	[[-1.5272534575061454], [-1.1567345871928705], [-3.1340553513714413], [-0.020990820831368384], [-2.3824454795522727]]	0.0
	[[4.468371338305293], [35.97504149156866], [-41.40443741388442], [-34.761954751154086], [21.82255439670509]]	0.0
	[[-5.125196947999894], [-6.659034037575971], [-12.370270606340812], [-4.977831550101749], [11.515595259743822]]	0.0
	[[-0.26610121408599974], [14.4795026015], [-5.568294316589228], [-5.293872721498364], [9.683054880653701]]	0.0
	[[-13.51334065697785], [29.63006234091264], [-11.575628087553504], [-28.820639124406483], [-30.220117950794293]]	0.0
	[[-3.8292545523692327], [-4.637942792516933], [-0.7924067105624151], [0.6564193972612247], [5.493570917402047]]	0.0
	[[-57.02990512658046], [32.6157099117883], [-22.482026178414177], [-55.72367846848708], [-38.08453972290334]]	0.0
	[[-0.5863770008134185], [-1.7195740519887281], [3.8526645822119265], [-1.700021052098705], [-0.16736318894614088]]	0.0
	[[2.8194647584145125], [-5.491791374147355], [-0.22902709736210114], [3.653355839930409], [0.0773638829030705]]	0.0
	[[0.6178794871876709], [2.051850963622803], [-2.514688496078834], [1.3861627582621474], [1.218711917453666]]	0.0
	[[2.3731026292640522], [3.3097961384801855], [-2.213414971239558], [-0.9067810528679869], [-0.5992134211974969]]	0.0
	[[0.4228238027665906], [2.3654191344665363], [0.0027969197563687542], [-1.3473004704044644], [0.9604410132406893]]	0.0
	[[-1.3244848187375844], [-1.5323925061104795], [-2.8116768756933888], [3.066128965301284], [0.6958162376660281]]	0.0
	[[-4.861141889628852], [-1.5636986975207356], [1.6390994312274587], [-0.057293129851514024], [-0.16542518694499697]]	0.0
	[[-3.7125556087091427], [-4.254129576701621], [-2.328411482237856], [13.13728875362767], [2.2383619615722687]]	0.0
	[[-1.4224242313969935], [8.5534360012741], [4.581364868090912], [-3.1508048127486], [-0.714078561573541]]	0.0
	[[-2.518403269123233], [1.1764168701894802], [0.9010093681506691], [0.5538642731966282], [0.15300790825922744]]	0.0
	[[3.026692295170587], [9.078988288450216], [7.0418224900677915], [-5.831521645042476], [4.2154750517150745]]	0.0
	[[-5.625546656797715], [-9.998034659233596], [7.017494583604993], [3.0129589997565063], [-9.582766591387214]]	0.0
	[[-0.26253001485214567], [-2.128032462980923], [-3.3059861562716586], [-1.7280343675325354], [0.1698697990840904]]	0.0
	[[3.09567791922559], [-1.77169243448329], [1.2092187980184583], [-0.5433302694338707], [-2.5171816724091074]]	0.0
	[[-0.8221911967668842], [-1.3440432034724987], [-1.1843895612003692], [-1.184611326797389], [0.5486496519988093]]	0.0
	[[1.7601183364492727], [1.060568729512898], [-2.8449709765664153], [0.5063086877362477], [-0.922008577081076]]	0.0
	[[-3.3219577537683103], [0.2832464410999726], [0.11605698605764053], [1.2728489707078838], [-0.18933910390246805]]	0.0
	[[-0.6176091050005305], [2.071895552023726], [-0.266970319377957], [-0.5447674707866572], [1.4004812013955332]]	0.0
	[[-1.4513552301567907], [5.855397785691257], [3.317938566662484], [0.8101459104983808], [-0.15905530881703878]]	0.0
	[[-1.6954096592739316], [-3.7878944527577323], [-1.559779572489803], [-3.833925553680897], [1.0487156147043748]]	0.0
	[[1.0621567529230769], [1.3459598062088132], [2.97958791953973], [-0.8353197530099699], [4.826179065029908]]	0.0
	[[-4.384761242417602], [0.12681582205289188], [1.0682519898485607], [3.1111950167038964], [3.1885928519851205]]	0.0
	[[0.061420761849803135], [4.372638063419135], [-1.4605957980300728], [-0.4137130617924869], [-4.329626351091978]]	0.0
	[[0.5698432139689633], [-3.3880374660088948], [1.4863013230963897], [-2.852318528809021], [0.2649487879178243]]	0.0
	[[1.8442096377017285], [4.101087070103102], [-1.4788185306793662], [-4.1024524528794455], [2.662313465044297]]	0.0
	[[-1.776300744575116], [0.5761826699249888], [0.7871974466477877], [-2.569576790533453], [2.3556996325800585]]	0.0
	[[2.722039180611812], [-0.7764529145296194], [-1.7122358135519762], [-1.2846456924764391], [-0.9408464157422495]]	0.0
	[[1.8548234108741959], [3.2972953932174205], [-1.1819077634153188], [-0.7398662099477857], [1.6603207815048944]]	0.0
	[[3.3819349031636414], [-3.7702845411261072], [-1.5546103747279196], [-2.1684391391529614], [-1.2276119731769208]]	0.0
	[[-1.3108330437310003], [-6.512248869103783], [0.1417689403182283], [0.03423700238856009], [-1.4232566681787273]]	0.0
	[[0.9775013899816121], [4.29352743582489], [0.41239102425031815], [26.992943523420877], [7.440603817411417]]	0.0
	[[-0.1829432161450133], [-1.3635153030308855], [-1.0153470000065343], [-0.876557749257068], [-0.30293801957268474]]	0.0
	[[0.443531143592896], [1.0591421924778373], [-1.1826085613147332], [-0.2373496417658526], [-1.012641297966195]]	0.0
	[[0.13184058680378202], [-0.015407083509283881], [-0.24429153473458953], [1.843548138615021], [1.4491505741906332]]	0.0
	[[-5.2047016647013535], [-2.5115488866291242], [3.8195564702455007], [0.08450073906059252], [0.2441680038834123]]	0.0
	[[1.872161018608639], [-1.8427041376203912], [-2.821053082908003], [0.3697942111764878], [4.703549279136052]]	0.0
	[[0.3973658887401583], [2.169496938858264], [-0.6899689366970525], [3.7775960382713754], [-1.561009951258999]]	0.0
	[[-0.34621424936532286], [-4.539818291729981], [-7.458757907324353], [4.96562455304713], [0.36360455303084593]]	0.0
	[[-1.852014821914609], [-3.8128122790791075], [-2.3609289373658635], [-0.27503101757366893], [0.5280368637929209]]	0.0
	[[0.9698433505526228], [1.5883590406129917], [-3.194624977880184], [-3.7072955019095652], [-5.075401749739271]]	0.0
	[[3.8467110740743635], [0.8563439730117955], [1.6692879315942715], [0.9534550963342014], [-4.256847824838616]]	0.0
	[[0.8677584063756664], [-0.24776334774826386], [1.2656113631835717], [0.081869457284729], [1.3131290766143242]]	0.0
	[[1.5877327655083238], [0.3746932736324407], [0.35777641745421673], [-2.0104343951005927], [-1.3653857433109624]]	0.0
	[[-0.18734300329999942], [-0.0010983707915100532], [0.34482200047336087], [0.16932966177340902], [-1.8044449762974308]]	0.0
	[[-4.528263828132593], [-4.223519350451343], [0.2044551989919392], [0.530142717117059], [-0.424859150463458]]	0.0
	[[30.313341510982486], [-59.02962463960998], [15.936681084559206], [-8.588793714178788], [33.89172769825712]]	0.0
	[[1.9595411437816574], [0.47841610262840983], [-2.3763458890453784], [-0.967522720959812], [0.4448172337136123]]	0.0
	[[-2.2110732797659454], [1.934094197185802], [-2.745419759961988], [0.7331717033824362], [1.3751964742772262]]	0.0
	[[-1.5704592361660064], [-0.44794215091373935], [1.3441524114530259], [-0.6152629775172529], [0.491784789491849]]	0.0
	[[4.195937013525789], [-4.869559867900955], [-1.5165552979345442], [2.535042041005774], [3.6076637069519006]]	0.0
	[[-5.665673264792623], [-3.3964941581124437], [2.340215491056682], [-3.5077091137416825], [-4.437724216873558]]	0.0
	[[-0.8415778859642029], [1.1614484912872511], [1.8195128693458755], [1.2896669917667793], [0.9584517549364309]]	0.0
	[[3.454143343519804], [-2.7741923084491322], [-0.11089248364267551], [1.5618548162341357], [0.31131058335539974]]	0.0
	[[2.874519574065175], [-5.67488253018739], [-1.769515065846837], [8.584242027971337], [5.090427435758063]]	0.0
	[[0.24723510233779034], [1.1829039566930832], [-2.016853505255696], [-1.5058577247577776], [-0.13864378162254654]]	0.0
	[[-0.26803781126000736], [-0.39480803412380416], [-0.8188349897258677], [0.12282974048083262], [-0.9537959614469054]]	0.0
	[[0.46906909655028484], [0.9588283116353608], [-0.21558580940568317], [-0.7631169430339212], [0.32905717407118107]]	0.0
	[[-0.029901036393293223], [-1.404435630814758], [0.9772918556419756], [-2.390099823488704], [1.0947263275790902]]	0.0
	[[23.497219268477462], [75.29927188413457], [-40.32416669547687], [-24.537586211052602], [1.0228432457993484]]	0.0
	[[1.2529213250959323], [1.5708562997052682], [3.5785268323055126], [0.02349353916733543], [-0.31901573067564293]]	0.0
	[[-2.3346150322272026], [-0.767234450495397], [-1.0163226423771012], [-0.1732682836614995], [-1.108579081804142]]	0.0
	[[-0.740811141284927], [1.9031615537442934], [-1.478580431435413], [-2.197430520645322], [1.621696204078778]]	0.0
	[[-3.543484472085819], [-8.251259368802815], [1.3436884970148024], [4.786697785923858], [0.35420660911029256]]	0.0
	[[0.10717547773047653], [0.5603321540319848], [0.5831340999570478], [2.5616229512455417], [-0.29633029255304916]]	0.0
	[[-0.31578854918915206], [-0.8884640206589702], [-0.41691833867724043], [0.566278974754212], [-1.44356140079607]]	0.0
	[[0.794767160682717], [-0.3908072944791521], [1.9839245910082797], [1.4925193382662658], [-0.3831557962591346]]	0.0
	[[0.7987780496521779], [1.4538737213404647], [-1.2009638796794428], [-1.4209120480099902], [1.57942519170409]]	0.0
	[[-0.42949886455640907], [-1.2995018889199101], [0.5418696305969506], [0.06669462429623124], [0.7301667494967482]]	0.0
	[[-2.38205161190899], [0.44411988295013616], [-2.1933690666279118], [1.3951971480521899], [-1.8302430010280912]]	0.0
	[[5.668370717651662], [-0.4453915040984451], [-0.720273362629556], [2.9317728773302987], [1.8741821777856593]]	0.0
	[[-2.212258639590113], [1.214455470434783], [8.739067622669547], [-0.813199549092208], [2.671113134831604]]	0.0
	[[2.4091803006335764], [-61.85506863826852], [-82.57554246490916], [-1.8328192787000352], [122.3981043398262]]	0.0
	[[2.374655088991198], [1.145873550908664], [-2.186235553004615], [8.68878967645656], [3.533550621321142]]	0.0
	[[2.6869954482577025], [1.414297980577205], [-0.6369735309879092], [1.1263435257559509], [-1.4024443767011718]]	0.0
	[[-0.5720812838429459], [2.084248899576633], [-0.24067890494478678], [-0.05065354939744471], [-0.9169453092174735]]	0.0
	[[-3.1505087489124444], [-12.220147832823038], [2.9623049686969853], [3.1801047932637956], [13.461533241426087]]	0.0
	[[-7.85807603713719], [14.39857594574471], [-8.486813725684014], [-0.2772165536447154], [0.6346057966052171]]	0.0
	[[0.12193048514382909], [-0.2932646132910156], [0.7025824644071242], [-0.18953987339406564], [3.6531034454941187]]	0.0
	[[-4.040814723782391], [1.1961074909951823], [3.538134754991783], [3.155087509842687], [-5.800219776366408]]	0.0
	[[3.093306383230208], [0.03989133902835973], [2.1815001565527683], [-0.9769030934977868], [-1.9216566395198145]]	0.0
	[[0.22174452304178166], [-0.5878098100880327], [1.8833434060975414], [-3.1676228188509676], [-0.4109388866398611]]	0.0
	[[-0.3448982095921731], [2.0100640982614624], [-1.7214330862734735], [-0.6926477342700527], [-1.8554456037504647]]	0.0
	[[-0.4675384838990862], [1.475011640982189], [1.3108374391413555], [0.4408659481189471], [-0.5156035758699953]]	0.0
	[[-7.908165925713704], [8.071812963751947], [-6.396664668948773], [-7.733787060760162], [-2.1215816245368306]]	0.0
	[[-1.7272220444114044], [1.5846195340611926], [0.6831263958297771], [0.19856800183958323], [-2.3976829799182773]]	0.0
	[[-2.8607527338512466], [-0.4180165341465944], [-0.9490734931627636], [2.156022922930956], [-0.16024727616154233]]	0.0
	[[0.7957275352125368], [-0.1890278408896624], [0.13942973035308537], [-0.38105824713034797], [-1.2452636573525995]]	0.0
	[[-1.2796080903070113], [-0.03820307156849223], [-0.6381591398632895], [1.9228175862049652], [-0.5061617711059592]]	0.0
	[[-7.905621358388927], [2.360695207346934], [2.0753902819609644], [-4.431210469808392], [-1.3487295504374746]]	0.0
	[[0.1389397457865777], [-0.6893231492440657], [5.823491429209502], [3.424225151947551], [-3.939819966486275]]	0.0
	[[0.14878640388653697], [2.5213557180416073], [-2.7688187350831015], [-0.7753866447197812], [-1.8001241719456487]]	0.0
	[[-3.812161819143443], [1.7514499885601411], [1.164170252350786], [-0.8815501101564596], [1.5366458894944932]]	0.0
	[[10.985224070400005], [-0.4513225948695885], [-1.3718141107826556], [-1.4418920919162745], [-2.4154057176771992]]	0.0
	[[0.09857644967177459], [-0.761675100285657], [-2.438317756113609], [1.8296180968572733], [1.5694104622124905]]	0.0
	[[0.5270765445629664], [1.939127507763149], [0.3459554935377973], [1.0718318416363695], [0.6996757359252044]]	0.0
	[[0.3756684310778362], [-0.37294672736420886], [1.242866617863471], [-4.341324645334428], [1.113984548695195]]	0.0
	[[-9.259204813783722], [8.126034746336499], [1.1736358094712482], [-5.27001298741872], [4.552708788895441]]	0.0
	[[2.345965775897088], [-0.17412445821083905], [1.6860314765779556], [-0.6521482156710044], [1.5203625211965686]]	0.0
	[[1.7507596986134275], [-1.2553382128874926], [0.09900987968522712], [-1.7091875815114144], [-2.5313739142643605]]	0.0
	[[4.628677705045507], [-0.637671510430054], [-1.7072338135796967], [1.5387053291083848], [-4.0488257971799975]]	0.0
	[[-3.1489989514834824], [-0.793189160144104], [-0.4397297363755935], [-0.8803146590900366], [2.0988819436723367]]	0.0
	[[-1.704201537489857], [-2.9543937886587686], [4.668747467492141], [0.011439491433921534], [-1.8170435540780807]]	0.0
	[[-4.4300351173033485], [-2.3367538544752118], [1.8371610429389262], [-1.1223272715365957], [-2.235142612857234]]	0.0
	[[5.115593164782341], [-0.49291128856847277], [0.11943084444935781], [-2.5045474404449117], [-2.5952063408446957]]	0.0
	[[0.6825492662959939], [-1.3504236496449313], [0.7935957539590917], [1.7500694716773955], [2.499918565990111]]	0.0
	[[0.619102544813823], [2.5971487421618296], [-2.6643327173652875], [0.7175353128525401], [3.366626195797611]]	0.0
	[[-3.837071069961728], [1.445018071711654], [2.9718892836428568], [0.47260010245492523], [-2.261388656784189]]	0.0
	[[8.781058030846463], [10.631426729883062], [6.60604574711934], [1.5572132736535398], [3.6255837247163742]]	0.0
	[[2.051639526245486], [0.637831243651165], [0.2717640522362379], [-1.4054720076657], [2.749124647942513]]	0.0
	[[6.591325910677201], [-15.65342614016638], [31.544293699092936], [-7.4572468720824565], [22.754107318478578]]	0.0
	[[-1.2287794565522256], [1.4071777435166313], [5.65582440068951], [4.425611802318863], [-1.4438338693864856]]	0.0
	[[2.0116998802785337], [-3.4456084920120587], [-1.0569168826219872], [0.7610759842057818], [-1.1702499863939075]]	0.0
	[[5.830143271004571], [0.8280513148700548], [-5.059768135066037], [-11.792395091538374], [-5.617949732109584]]	0.0
	[[0.9283930638520296], [0.05254039969242641], [2.471833326709351], [-0.5614774637112343], [0.4104235532447487]]	0.0
	[[3.6102816726410154], [-1.4123871302031425], [0.9699774828567214], [-2.5292678761095377], [-0.9179351740074797]]	0.0
	[[2.233734598603867], [2.5268605024375597], [0.8787625590041386], [4.529899906369367], [-0.9269712927211536]]	0.0
	[[2.1409920311649513], [-2.8193029831688543], [-3.3020969608474346], [4.109896886571228], [-3.0980815617612274]]	0.0
	[[-2.9847472315053376], [-3.1157096727824225], [6.317999649270816], [3.1016316747405654], [-8.445665627279162]]	0.0
	[[-1.0332578878194387], [0.1247768427282876], [-1.6964832910464003], [-0.4360379737312859], [-5.6916955813746934]]	0.0
	[[3.4322042308828156], [-1.4607800273643505], [-4.222346064027938], [-4.464085726534136], [-4.774642014057954]]	0.0
	[[1.724469705594363], [0.3201512410084755], [-2.865331574826496], [1.6571300097660635], [1.2595629028594777]]	0.0
	[[1.7997138612501737], [-8.303663237662798], [-0.12959847823766824], [-8.719823601987533], [-3.802547942274508]]	0.0
	[[1.0215830671305555], [2.065013218838049], [-0.8886833402665212], [3.005679402305981], [-1.690203424354185]]	0.0
	[[-2.0290824161901155], [1.7607814485572608], [-0.6217321618849347], [2.067444031630896], [-0.1286777491189821]]	0.0
	[[-2.6376374719506703], [-0.7010461194312952], [2.137344234644472], [0.19561109840039584], [1.4818548224548174]]	0.0
	[[0.107955782319056], [-0.842434451689615], [-0.07060403212462368], [-0.12342047432392889], [0.36450587889892216]]	0.0
	[[-0.3229915896697067], [-3.3017539905929736], [1.5953036011948116], [-1.4240395485864386], [0.04057142049678708]]	0.0
	[[-1.6454110233647774], [4.706153672892341], [-0.04241478941450312], [5.036617076215144], [-3.478980110442463]]	0.0
	[[-2.6081251896733404], [0.05713798282906879], [-1.1788037921404326], [5.2525925085208645], [-1.1293903625058164]]	0.0
	[[0.012031234574740424], [-0.10087886913676539], [0.14040696899804062], [-0.6432630440827488], [-0.5846057120239603]]	0.0
	[[0.051806586150677514], [1.388025583286973], [-2.3175607385422765], [1.2332344629569436], [2.7405655412413337]]	0.0
	[[-0.5917302229121637], [-28.248866918955155], [26.98234325058821], [-15.75994554254457], [31.614896745553843]]	0.0
	[[1.1297435069304687], [-0.40703501972322553], [5.080788620813693], [-2.517546080195919], [-1.2336641917049593]]	0.0
	[[3.1472978145251345], [-0.8367513967123517], [2.2862684704082934], [0.1523124327495704], [3.2752440777667733]]	0.0
	[[-0.6007540756262171], [-0.3452435085702459], [-0.505840920999915], [6.776499206856361], [0.254150517911165]]	0.0
	[[0.5748880087112985], [-2.1920352938529475], [0.11901214179088032], [2.115734020073333], [-0.9702902085686429]]	0.0
	[[3.5921157121252865], [-0.3227996372305373], [-0.7409678781731253], [5.3340567675749675], [0.5178186096604794]]	0.0
	[[0.6878757232319452], [3.5446716507329405], [0.3602596014305348], [0.2557454196416631], [-3.934894735086458]]	0.0
	[[0.5699067275029714], [0.5801178185658562], [-0.9507136259969745], [0.8876069958169673], [1.5772592869342719]]	0.0
	[[-0.39935042406075116], [0.47453589174079425], [-0.17626944283127496], [-2.7459619043493015], [-1.3913982987159892]]	0.0
	[[1.604609951466607], [0.2527021233947181], [-2.6948401239408373], [-2.2203727678888985], [0.4464081179761097]]	0.0
	[[-0.9893808761082693], [-0.22683725434551988], [1.6674021097757301], [-2.1969652748148363], [-0.5940036670863013]]	0.0
	[[3.820524404854738], [-2.2447505776181575], [0.9372583497287513], [-1.0166156212717326], [-0.061201955202454084]]	0.0
	[[-1.2851663108971079], [-2.5316060704427636], [2.056124683537545], [-2.181285352247013], [2.177006549323595]]	0.0
	[[-2.214840128046993], [-0.7157861793334712], [2.0604452844472623], [-1.1039493111872358], [0.8226948822428989]]	0.0
	[[-1.3438268228568644], [0.2003392229079461], [0.14030847934624235], [0.10046748795899929], [1.4259925143469983]]	0.0
	[[4.639103842224057], [1.6924832119262032], [0.6041663214580113], [-0.5558102749329197], [-13.764924821353276]]	0.0
	[[0.30176890751131735], [0.5933771427146991], [0.7427401416410041], [2.5355925726044113], [2.4130722404953704]]	0.0
	[[-0.5075157285677956], [-0.25866657564497575], [-0.42424904712412737], [2.48891529252663], [0.5504625617802805]]	0.0
	[[1.4158658536576003], [1.265482314686854], [-1.5874515362016093], [-4.890954507066372], [0.22022106393286084]]	0.0
	[[-3.866584041438305], [-0.2994029649647327], [-2.157586620101476], [-0.165748735642397], [0.9860681161894108]]	0.0
	[[0.6202743592961539], [0.18650375060056534], [-2.1070844172497805], [0.6743985693920423], [-0.12217636944759414]]	0.0
	[[1.481757507117775], [-2.2160439956697626], [1.947730538651843], [1.1407559026680145], [-4.077221571003687]]	0.0
	[[0.0889903245717173], [4.028892372020337], [0.9144848946243814], [0.24088380018680977], [2.7774491376500103]]	0.0
	[[3.916122421510001], [0.8454011502609162], [1.2300890993569884], [3.6785466029518457], [-1.2855824785122538]]	0.0
	[[-2.7732259952234877], [-0.2831058252833094], [-6.484152144561004], [-7.532754207959481], [-1.5097527586720874]]	0.0
	[[0.9592766264821353], [0.9240004723575803], [1.2538782896526826], [2.6570633644885833], [4.0803382832323285]]	0.0
	[[1.744410645074438], [2.1172134427750224], [2.2775737667023734], [-2.489230790342608], [-6.134811384718679]]	0.0
	[[5.627193683979008], [1.3502879349339756], [1.3704891690579348], [-0.6087401166017441], [-3.9520333110657484]]	0.0
	[[-4.2450331662418455], [-1.4665824035642554], [3.27557807879986], [-2.236501219519263], [4.445280964590308]]	0.0
	[[0.6523589604620125], [-0.9252745827623452], [1.207620205906582], [1.5185692766928431], [-2.6272435128005336]]	0.0
	[[0.948092978967473], [-2.0641929612440406], [-0.5975156202423322], [2.473935099994123], [0.49403357994541097]]	0.0
	[[-0.5194987686551353], [1.313908576426931], [-1.5246381991810702], [1.6079687894726782], [3.0406076829979396]]	0.0
	[[2.1382745650676815], [0.45486889439928485], [-0.4321969263421924], [-1.159156250180071], [-1.4506627975233668]]	0.0
	[[16.995927410242547], [9.381739118695222], [-1.9128445850989217], [1.995826115252617], [12.972929012211917]]	0.0
	[[3.2107811879295856], [0.17815953117035993], [-0.4291891703390178], [-3.0476570418432027], [0.0023932980868681675]]	0.0
	[[0.5907077740133031], [1.2960796946478474], [0.46527110679480643], [0.3050487014208496], [-0.8257706285640367]]	0.0
	[[0.22923100290556842], [-0.5961351012049774], [-1.5911954981724032], [-0.09237922102875085], [2.8841105469672392]]	0.0
	[[-1.673839391713277], [5.018079348876071], [0.10953310122228666], [-1.541070574341307], [3.3921900753243652]]	0.0
	[[5.7966686458539725], [-3.8145815184484047], [-1.0016560924992053], [0.7360411027276814], [-1.4397005672864347]]	0.0
	[[-0.15260425661715848], [0.7616732864991634], [0.4382233991382777], [-0.7178208335375909], [0.8653599478610092]]	0.0
	[[-0.18079417449718382], [1.7330584260121253], [3.7301406684406038], [0.529106661217398], [0.7103444992372758]]	0.0
	[[-2.8202524610220117], [1.0497644017605696], [-1.4490716474235874], [1.680943753993921], [-1.4705792573891723]]	0.0
	[[0.8300116103407846], [2.5244053485870928], [3.312203049774869], [0.8286906700598826], [2.4439963938796403]]	0.0
	[[5.272167976932822], [-1.8349829897551286], [-7.116911689452515], [-0.8795114272299376], [-5.944761604550974]]	0.0
	[[-3.4706504500619815], [-1.381864482111057], [-5.4048751859853565], [2.534136005822956], [-4.636292222420784]]	0.0
	[[2.253213946598495], [2.8976206863184895], [1.461768956516098], [0.9398396948279346], [4.368556776266292]]	0.0
	[[1.8482901075290696], [1.9446864708620903], [-0.9982385372269579], [-0.9291717079785998], [0.40684899869543967]]	0.0
	[[1.6375319988654569], [1.736752583010563], [-1.9803577974201865], [0.8855568313610632], [1.9642189585085124]]	0.0
	[[-2.3750828482439643], [5.319399183531997], [-0.562071844082791], [-2.67959554878433], [6.362532219707305]]	0.0
	[[-8.48366425412065], [4.268394127033495], [0.37695917372361865], [-6.3948870651957055], [14.047402897379637]]	0.0
	[[1.570090657502773], [0.962241948194547], [-5.2587216001949155], [1.8644323620381815], [0.7842579886703451]]	0.0
	[[0.13951417153358314], [-1.5440591223639268], [0.21012489151909758], [-0.2751593417375243], [-2.16696854270473]]	0.0
	[[1.786078022107105], [-2.0027471708493296], [2.438796327586729], [-1.7760756276477565], [-1.830541701690942]]	0.0
	[[-0.5079674837642398], [2.336571754231052], [-2.0644863866192384], [1.4105119935702344], [1.9494358977682036]]	0.0
	[[-6.389187006450042], [-4.962243618296515], [3.5006739246176446], [2.343283592129803], [6.323288662107343]]	0.0
	[[0.7199852826485675], [-1.8470877381500082], [3.587390111916766], [-1.2652555354168338], [-0.41282568405862075]]	0.0
	[[-0.718296964258749], [1.4598271675517625], [0.29822993656593155], [3.829828745425005], [-0.14003137754557082]]	0.0
	[[-0.39678467137588547], [-0.17307125167010018], [3.400614324614052], [0.3324769306814867], [-1.9711329598460967]]	0.0
	[[-1.6744065242133401], [-0.5283592613136107], [0.2543111823737192], [3.0087080943890436], [3.2014916703472966]]	0.0
	[[0.8105266469075031], [0.9310416886399424], [0.33676357773227705], [-3.1558819249913657], [0.8202944045256944]]	0.0
	[[-0.14428021330435212], [1.9311163027705143], [-0.34411865097565303], [0.42123054356129463], [-0.12954168073877545]]	0.0
	[[3.8800266063556004], [1.0663878578226422], [1.9977150905957826], [8.072629345067355], [-5.555790448553341]]	0.0
	[[5.0520806933238305], [-7.0681214819330185], [-0.9165798157907086], [1.5150598656913927], [-0.5230168220870053]]	0.0
	[[3.2948261964768535], [1.5604081233666334], [-1.169309934897556], [-2.8444369811104364], [0.4880512521348481]]	0.0
	[[-5.86001105352658], [-7.835646125306557], [2.6098172621566746], [9.649403086870704], [0.8206875751089595]]	0.0
	[[0.21247080747807578], [1.5708723370137183], [-2.164299961369653], [-0.8293015598171914], [-2.130322976116687]]	0.0
	[[-0.8128432348521167], [-0.5169510352578411], [0.7577771752680496], [3.00063379573452], [0.38706323970019946]]	0.0
	[[0.6088196820658865], [-0.583253087050678], [0.12962770720805877], [-0.505632032369949], [-0.12323741898171664]]	0.0
	[[0.7363749818643857], [1.9054819878957248], [1.0724418317249227], [-2.0555998138914315], [-3.6717688157837207]]	0.0
	[[2.597113886353866], [-1.6601545266978261], [-0.8475356108678109], [-1.768932471067036], [2.4972498853315956]]	0.0
	[[0.7564330001203577], [-0.7005560113807945], [-0.6307589467196009], [0.036875418785760616], [0.21833021515548667]]	0.0
	[[-0.896255025748973], [0.42063473793594025], [0.8857476286133865], [2.2979126261083467], [1.264566461009358]]	0.0
	[[1.829035476209332], [1.2073931052342806], [4.205887547271494], [-0.13750627714474595], [1.9732135918630689]]	0.0
	[[2.7101922683181665], [0.3790035807802734], [-1.5165179902897234], [0.6117855880248755], [2.120040884650983]]	0.0
	[[2.729036746795893], [1.6756679683080786], [-0.40258791241041747], [-1.7161049730153866], [1.6225341357784768]]	0.0
	[[-0.5978505447858469], [-8.407361780296082], [-6.623408780626946], [1.259979208440776], [4.54130075971004]]	0.0
	[[0.18350751798512252], [1.6810825848390398], [-0.0644261105665847], [0.1407530248832013], [2.7314679413586536]]	0.0
	[[-2.2265345691138267], [-0.174443675778035], [4.496199564733841], [0.3902947417797773], [1.6454021509670773]]	0.0
	[[-0.7355846147470552], [1.544136616546251], [-3.0142476905141655], [0.33121491542479975], [0.22366699990093325]]	0.0
	[[-1.2780113139181948], [3.015171324700835], [-0.40175839022761334], [1.765579367835952], [0.921937310594773]]	0.0
	[[0.02405220253424778], [-6.256412697794614], [-5.113848140430658], [8.343739562616625], [3.8033051407607448]]	0.0
	[[-10.214056087667876], [-0.9731754324512132], [-11.194431242956668], [10.883252990715393], [-8.351433335517589]]	0.0
	[[0.4930212767699669], [1.3762038856163545], [-0.2144686296288798], [-2.33943131350596], [0.9262042203315499]]	0.0
	[[-0.7331729054805973], [0.5361707700086242], [0.8921646208411856], [0.35199868140155244], [0.3815885605685201]]	0.0
	[[0.8421021028622203], [-5.0801176327587125], [1.224108971440712], [0.33158422607670857], [-0.8395816205662433]]	0.0
	[[2.564444112886245], [-2.0966224338146247], [-0.7195668116521565], [0.5758575471065327], [-1.5791342475082342]]	0.0
	[[1.8647930055771822], [2.504180424396663], [0.07153856361548198], [1.3407511421221436], [1.527389397106771]]	0.0
	[[-14.546455968624219], [-3.4739757290123396], [6.171084446316635], [-6.031092920407312], [-0.4014550800720056]]	0.0
	[[-1.3657791687069947], [-4.570117558882789], [2.0988226725963584], [0.48678714027290726], [-2.0288929568921343]]	0.0
	[[-0.17719158015506092], [1.0344783549582002], [-0.645566588191263], [0.3505537892439885], [1.3132116409810097]]	0.0
	[[-1.6597557303839663], [-11.995399267251448], [-5.726406420051247], [1.1599021443405637], [-0.10873147407486794]]	0.0
	[[-1.5384729267051702], [2.0285208032492443], [-2.9229912730690737], [-3.513436256238995], [-2.2272293937985777]]	0.0
	[[0.9112712352370986], [1.6032129838253655], [-1.4157160975867198], [3.8977834371360722], [1.0322895355311816]]	0.0
	[[-0.5517488162531949], [-1.6970601108883603], [0.8138838672170561], [0.2924343834500119], [-0.9824300641071648]]	0.0
	[[3.9960527203200966], [1.3939855931676561], [-5.869046193726744], [-3.664460854020274], [1.484186662172207]]	0.0
	[[-1.553973956794549], [-6.733629258100132], [-1.023851263398884], [-3.140655620603027], [-10.393281803919058]]	0.0
	[[3.6374767113694624], [-0.08015096127125432], [3.315112946589996], [-0.9896819535226979], [-1.6711345977342407]]	0.0
	[[2.331300036611428], [2.90804428898735], [4.367399523544712], [0.4458147844598004], [0.28888109500071324]]	0.0
	[[-0.810780395743744], [0.08037494224893438], [-0.10795568506424214], [4.056337342020411], [1.97820712229176]]	0.0
	[[-6.109790559542864], [-6.391854825806121], [-1.9445917762257472], [-6.830564565174502], [-15.891612184121849]]	0.0
	[[0.8565123789422884], [-0.4602585188717865], [2.384029151746045], [1.2092624460384185], [1.828828669261744]]	0.0
	[[1.3378439886036446], [-0.16229114485157448], [-1.096894558031145], [3.3224348029274036], [1.4996429095186998]]	0.0
	[[2.7747202392355543], [1.9222817831209402], [-1.1559224994693413], [0.16908800993969342], [-1.1350786434655062]]	0.0
	[[2.8990195147285607], [-1.540919579786917], [-5.929437457037863], [-1.0024143633214213], [-3.143253711174481]]	0.0
	[[2.6803087378358312], [3.0422133064437946], [-0.1366026923699133], [1.4389143446751667], [-1.896577862498164]]	0.0
	[[0.37994554974930295], [0.02766865892021303], [-1.1723616569384983], [0.9527621411403774], [0.47880169595189304]]	0.0
	[[2.142782289947471], [-1.2548747864861254], [-0.909976381091444], [-0.8886846033323177], [-0.7382360121530867]]	0.0
	[[0.9911025105850924], [1.6724888002004905], [-1.1218817647105137], [-0.6179327651961919], [-0.9767124949386534]]	0.0
	[[0.8219009000493773], [0.8806636051668313], [0.39528459150778683], [-1.5534268055025264], [0.6494100171779761]]	0.0
	[[3.0891208023582717], [-5.168081797118501], [-4.5525335539685585], [0.8955399980024286], [-0.3586625020498704]]	0.0
	[[-1.7726424535023668], [1.9502167428008037], [-0.6358084806943693], [-3.303894523266669], [0.14441753573758376]]	0.0
	[[0.6996461059924608], [-4.330040923671904], [-2.552411532956641], [-1.6120074532281126], [-0.1365007898524251]]	0.0
	[[1.671605869012501], [0.9946620033106137], [9.08181731440915], [5.476518602222802], [-4.0059883427470675]]	0.0
	[[-2.9078441298280397], [1.9071933107393673], [-2.2124546763051187], [-0.634566568397469], [-1.5334270527808274]]	0.0
	[[-4.818359106230193], [-11.014430669186446], [9.64440200584173], [3.1907965434584478], [-5.016597676876126]]	0.0
	[[1.2841152908483175], [-0.39278623262959333], [-0.668837436941851], [-5.975074923417797], [-1.8081056308333279]]	0.0
	[[-0.5230842905090779], [0.5971425395518564], [-1.6854114799379727], [0.7275734549231683], [0.18260169100694135]]	0.0
	[[-1.2802971296411354], [-0.1546074211224865], [0.34883153471792633], [-0.8847980463620233], [-0.18672163118663535]]	0.0
	[[-2.7467344610857483], [0.26039192372362574], [-1.9636523559344443], [-0.64580901294699], [-3.721292025651774]]	0.0
	[[7.177417808204907], [-3.678876501603081], [2.385074131564406], [3.1187265143418115], [15.501895838067236]]	0.0
	[[1.730728656003645], [0.1900055153635053], [0.7470497309292139], [2.498014304249594], [1.3985399699465493]]	0.0
	[[2.9510442456130725], [-0.7137176972261101], [5.89215261984811], [-1.3278091788190556], [-6.89753101226354]]	0.0
	[[-0.5305495000546019], [-1.299583074806713], [-1.096516102779642], [-2.276850987161579], [3.2860241794870726]]	0.0
	[[1.1181383566417107], [-1.6578130186615825], [1.1273121831991615], [-1.0307533569329814], [0.18257127363562597]]	0.0
	[[2.360773121330896], [0.47852195160259436], [2.2196083095853165], [-0.9157550053968257], [-0.12313070135935886]]	0.0
	[[3.3858011240020733], [-3.1490054292980707], [4.066019859658559], [0.5262854728963089], [-2.130196501054236]]	0.0
	[[-0.3526029442297778], [2.428584896510697], [-1.7557318915438516], [-0.16006162929344403], [4.272306123879572]]	0.0
	[[-5.721926460779088], [3.657672420523971], [3.3384539125255435], [14.636045538309352], [0.05434945198753871]]	0.0
	[[0.2779713794619765], [4.180191486585634], [0.6118829721675909], [-4.173245713012564], [1.7051162774722952]]	0.0
	[[1.7103842316063396], [2.589857712515338], [2.146086768485703], [-1.597646894500762], [1.4172364610208055]]	0.0
	[[-4.165083772481149], [3.2121728865253827], [2.1632480894348687], [2.6773823573420508], [-2.1163321844512852]]	0.0
	[[-0.5845694978140856], [1.5043911055105856], [1.2766145691272623], [-1.9909072350805979], [-1.0817982620226159]]	0.0
	[[15.576024099264638], [-6.622517405027258], [-0.29523279929698165], [-12.679362288313628], [11.374626087883312]]	0.0
	[[-2.980699380832903], [-2.3540401322243216], [-1.0874935101994516], [-3.2731132581402216], [0.714674138423408]]	0.0
	[[3.2172328439723126], [1.9938470945065319], [2.3311447322396726], [-0.7360203271112791], [0.748301130986585]]	0.0
	[[-1.4741770677044674], [4.221032196273973], [1.5227982500061725], [-1.362664663589705], [0.8422335553880678]]	0.0
	[[-1.437385358779788], [-2.897226489228963], [1.1803971246693932], [1.7139898912286076], [-1.047269193366535]]	0.0
	[[-1.3654795953953704], [6.72397718019592], [-5.016153067087725], [0.35209379888794445], [-10.658138907396063]]	0.0
	[[0.9718798313436408], [2.885770276068061], [0.7467480898294847], [-2.3287422660975365], [1.5997149696511048]]	0.0
	[[-3.543432414242975], [0.9881986944272492], [6.912361546605652], [-3.276862087440155], [-0.7224312334217022]]	0.0
	[[-0.8466610234464951], [-1.1318510547406386], [5.453461331016273], [3.543953952015256], [-3.122579867922018]]	0.0
	[[-0.3291842973613952], [0.06250278972912104], [-0.3889103482596452], [2.127503836000881], [-1.2032317175411409]]	0.0
	[[-4.227329136589899], [1.9462506044257215], [2.515295724550136], [1.7605230517546644], [1.434361706888342]]	0.0
	[[0.6823995476622169], [0.47973468260207575], [-0.21278229198411913], [6.038337409862427], [-2.3988174443083023]]	0.0
	[[-10.478372163516594], [-3.3059757078613696], [-2.472572966859798], [-0.9875079660085611], [2.8097246422540487]]	0.0
	[[-2.9841967753170855], [-0.03140346216019678], [0.18831206211284512], [-3.3888531073744934], [-0.014812707804282177]]	0.0
	[[-1.4395805591032778], [-2.0668981730030285], [1.0872377122019745], [-1.6306787369386115], [2.232998099884267]]	0.0
	[[-6.0055430992028525], [-0.5680132966641587], [-2.4973249384842973], [2.1339988974695228], [-1.761965942194996]]	0.0
	[[-0.1849399278589189], [1.2103282267996787], [-3.736885566601451], [-2.4343827398777558], [0.3801681315854215]]	0.0
	[[-3.5301040613706376], [0.5889853214387224], [-0.17288438643964196], [1.335980580850162], [-0.41080255172094854]]	0.0
	[[-0.8309149383458083], [2.921493185407355], [4.940010717490864], [1.9762471265490378], [-1.9493053284741226]]	0.0
	[[-1.5785953599408105], [0.5003463107731239], [-0.141797662248344], [0.504158035029417], [-0.31960590829904834]]	0.0
	[[1.133990529053409], [4.273173487964161], [3.1581883540771196], [3.09075743418122], [-2.987953676781291]]	0.0
	[[1.0162910780076841], [-2.0333249107994784], [-0.32310523680317305], [2.141563884434005], [1.2781366660763642]]	0.0
	[[0.5099016837648456], [-0.8316452240645481], [1.696749951363765], [0.9063252423481899], [0.8742306752906281]]	0.0
	[[-10.560965302387618], [-1.2745613233588169], [-11.095696354396416], [-3.943524550396673], [8.869963654115308]]	0.0
	[[-1.7964820839531077], [-1.4395937521785818], [0.8443243327579613], [-3.3159929881280035], [1.6305436175440247]]	0.0
	[[7.048670627239349], [-1.5255162021793298], [2.2173420108439235], [1.5394493461627943], [2.3070661223073277]]	0.0
	[[-0.21179634985964046], [-0.5680852323113055], [-2.142865123577451], [0.15183162758856455], [0.6439809260030017]]	0.0
	[[-0.7137049708139254], [1.1606519018089259], [2.123869639636756], [-1.5663608654869923], [0.29258766305192285]]	0.0
	[[-1.4863138809786658], [-0.42950873794066424], [-1.7207079786226205], [-1.7673255528359515], [-1.5370961490555275]]	0.0
	[[-0.03662666718975041], [1.2741059043111593], [-0.8027825675712736], [-0.7360696887400642], [-0.34249726823254756]]	0.0
	[[1.3483081040702292], [0.2882563557787263], [0.40402846162335754], [0.7454430352002464], [-3.4665007174633193]]	0.0
	[[-1.9593332359942848], [1.5788207927114035], [0.20276400313068588], [1.6524754576383645], [-0.8035108161663288]]	0.0
